{
  "frames": [
    {
      "file_path": "./data/4DGS/bg/001001.png",
      "sharpness": 87.8091320515279,
      "transform_matrix": [
        [
          0.9939397378657603,
          0.09276064311655864,
          -0.05898525744130566,
          -0.5279250615055001
        ],
        [
          -0.0667688351841337,
          0.08317553617282271,
          -0.9942956063618758,
          -3.953219115587541
        ],
        [
          -0.0873253694801237,
          0.9922082912807924,
          0.08886499071228324,
          0.3609625398187642
        ],
        [
          0.0,
          0.0,
          0.0,
          1.0
        ]
      ],
      "w": 3840.0,
      "h": 2160.0,
      "fl_x": 3048.412202052305,
      "fl_y": 3048.412202052305,
      "k1": 0.006773028959317648,
      "k2": 0,
      "k3": 0,
      "k4": 0,
      "p1": 0,
      "p2": 0,
      "cx": 1920.0,
      "cy": 1080.0,
      "is_fisheye": false,
      "camera_angle_x": 1.1241387833102885,
      "camera_angle_y": 0.6809702432594129,
      "fovx": 64.40840787065092,
      "fovy": 39.01672091276136
    },
    {
      "file_path": "./data/4DGS/bg/002001.png",
      "sharpness": 74.34491524057266,
      "transform_matrix": [
        [
          0.9930138546267734,
          0.10365512515162187,
          0.0563835043656417,
          0.017254772966115304
        ],
        [
          0.04935077672185314,
          0.0692049677756551,
          -0.9963810381937893,
          -3.885366737073436
        ],
        [
          -0.107182019815383,
          0.9922027451485853,
          0.06360603087279147,
          0.27008792113946206
        ],
        [
          0.0,
          0.0,
          0.0,
          1.0
        ]
      ],
      "w": 3840.0,
      "h": 2160.0,
      "fl_x": 3041.009064744794,
      "fl_y": 3041.009064744794,
      "k1": 0.010277513628703041,
      "k2": 0,
      "k3": 0,
      "k4": 0,
      "p1": 0,
      "p2": 0,
      "cx": 1920.0,
      "cy": 1080.0,
      "is_fisheye": false,
      "camera_angle_x": 1.1263328718859904,
      "camera_angle_y": 0.682502418313128,
      "fovx": 64.5341198859165,
      "fovy": 39.10450807681446
    },
    {
      "file_path": "./data/4DGS/bg/003001.png",
      "sharpness": 59.88026220051295,
      "transform_matrix": [
        [
          0.9735693012360105,
          0.07885063950826769,
          0.21434876336343667,
          0.4948739702280595
        ],
        [
          0.20974141948574015,
          0.06278501850722316,
          -0.9757389909208135,
          -3.7923362616995493
        ],
        [
          -0.09039553450203179,
          0.9949073414723667,
          0.04458732153834476,
          0.22649405351833587
        ],
        [
          0.0,
          0.0,
          0.0,
          1.0
        ]
      ],
      "w": 3840.0,
      "h": 2160.0,
      "fl_x": 3039.502906711966,
      "fl_y": 3039.502906711966,
      "k1": 0.02739637598745109,
      "k2": 0,
      "k3": 0,
      "k4": 0,
      "p1": 0,
      "p2": 0,
      "cx": 1920.0,
      "cy": 1080.0,
      "is_fisheye": false,
      "camera_angle_x": 1.12678019171647,
      "camera_angle_y": 0.6828149485841882,
      "fovx": 64.55974942429549,
      "fovy": 39.122414742316295
    },
    {
      "file_path": "./data/4DGS/bg/004001.png",
      "sharpness": 58.637861768321024,
      "transform_matrix": [
        [
          0.9533602976711265,
          0.020803539447470216,
          0.3011168470649723,
          0.995598162619386
        ],
        [
          0.29876413938850566,
          0.07689550040323663,
          -0.9512239857326953,
          -3.7440728358319464
        ],
        [
          -0.042943356345475955,
          0.9968220978587842,
          0.06709376559474159,
          0.2026875919746542
        ],
        [
          0.0,
          0.0,
          0.0,
          1.0
        ]
      ],
      "w": 3840.0,
      "h": 2160.0,
      "fl_x": 3032.130464412677,
      "fl_y": 3032.130464412677,
      "k1": 0.018612094896100453,
      "k2": 0,
      "k3": 0,
      "k4": 0,
      "p1": 0,
      "p2": 0,
      "cx": 1920.0,
      "cy": 1080.0,
      "is_fisheye": false,
      "camera_angle_x": 1.1289743412909723,
      "camera_angle_y": 0.6843487184721938,
      "fovx": 64.6854649345349,
      "fovy": 39.21029328364326
    },
    {
      "file_path": "./data/4DGS/bg/005001.png",
      "sharpness": 46.63311202383676,
      "transform_matrix": [
        [
          0.9044293110138237,
          0.02805206641048,
          0.42570025013456714,
          1.4672415578768545
        ],
        [
          0.4241281935557846,
          0.04864353909028034,
          -0.9042947979148682,
          -3.5549401271672236
        ],
        [
          -0.04607490448392247,
          0.9984221991173489,
          0.03209697029251245,
          0.17479181891218387
        ],
        [
          0.0,
          0.0,
          0.0,
          1.0
        ]
      ],
      "w": 3840.0,
      "h": 2160.0,
      "fl_x": 3023.566768765856,
      "fl_y": 3023.566768765856,
      "k1": 0.022826772177306578,
      "k2": 0,
      "k3": 0,
      "k4": 0,
      "p1": 0,
      "p2": 0,
      "cx": 1920.0,
      "cy": 1080.0,
      "is_fisheye": false,
      "camera_angle_x": 1.1315326061555362,
      "camera_angle_y": 0.6861386480372976,
      "fovx": 64.83204271415102,
      "fovy": 39.312848693349395
    },
    {
      "file_path": "./data/4DGS/bg/006001.png",
      "sharpness": 64.85669268511003,
      "transform_matrix": [
        [
          0.8288001564045158,
          0.011778947614826025,
          0.5594207335739427,
          2.002978294593564
        ],
        [
          0.5574470124841355,
          0.06910860726376346,
          -0.8273311481351273,
          -3.3924559416481515
        ],
        [
          -0.048405878025765674,
          0.9975396016251992,
          0.05071108535101349,
          0.15736660387359272
        ],
        [
          0.0,
          0.0,
          0.0,
          1.0
        ]
      ],
      "w": 3840.0,
      "h": 2160.0,
      "fl_x": 3037.2992252369313,
      "fl_y": 3037.2992252369313,
      "k1": 0.0420430930907071,
      "k2": 0,
      "k3": 0,
      "k4": 0,
      "p1": 0,
      "p2": 0,
      "cx": 1920.0,
      "cy": 1080.0,
      "is_fisheye": false,
      "camera_angle_x": 1.1274352430605388,
      "camera_angle_y": 0.6832727119819497,
      "fovx": 64.59728110167501,
      "fovy": 39.14864265302359
    },
    {
      "file_path": "./data/4DGS/bg/008001.png",
      "sharpness": 7.569611663992081,
      "transform_matrix": [
        [
          0.6406477762678422,
          0.02753310553662252,
          0.7673410942195453,
          2.9811303960038678
        ],
        [
          0.7664409197877482,
          0.037260363169327154,
          -0.6412331727315841,
          -2.567254237202137
        ],
        [
          -0.046246548463771193,
          0.9989262202242277,
          0.00276827007525951,
          0.10108651245007143
        ],
        [
          0.0,
          0.0,
          0.0,
          1.0
        ]
      ],
      "w": 3840.0,
      "h": 2160.0,
      "fl_x": 3447.512186800795,
      "fl_y": 3447.512186800795,
      "k1": 0.06665270739423605,
      "k2": 0,
      "k3": 0,
      "k4": 0,
      "p1": 0,
      "p2": 0,
      "cx": 1920.0,
      "cy": 1080.0,
      "is_fisheye": false,
      "camera_angle_x": 1.0162861816842406,
      "camera_angle_y": 0.6071712863670402,
      "fovx": 58.22890898797257,
      "fovy": 34.7883521503605
    },
    {
      "file_path": "./data/4DGS/bg/009001.png",
      "sharpness": 39.773001774322935,
      "transform_matrix": [
        [
          0.3880348973831391,
          -0.0014213406780080318,
          0.9216435852426926,
          3.250429978876057
        ],
        [
          0.9215849055974765,
          0.011987436116769693,
          -0.3879917050018595,
          -1.5966533390103488
        ],
        [
          -0.010496675207478582,
          0.9999271379363125,
          0.00596142965802149,
          0.08715166094757544
        ],
        [
          0.0,
          0.0,
          0.0,
          1.0
        ]
      ],
      "w": 3840.0,
      "h": 2160.0,
      "fl_x": 3025.897593900925,
      "fl_y": 3025.897593900925,
      "k1": 0.04431342678590118,
      "k2": 0,
      "k3": 0,
      "k4": 0,
      "p1": 0,
      "p2": 0,
      "cx": 1920.0,
      "cy": 1080.0,
      "is_fisheye": false,
      "camera_angle_x": 1.1308352873514704,
      "camera_angle_y": 0.6856505835388571,
      "fovx": 64.79208928970294,
      "fovy": 39.28488465745859
    },
    {
      "file_path": "./data/4DGS/bg/010001.png",
      "sharpness": 43.42058834410891,
      "transform_matrix": [
        [
          0.1911360255071769,
          -0.03213623456951886,
          0.9810373500517112,
          3.5258468222147457
        ],
        [
          0.981516468647162,
          0.016047452813500968,
          -0.19070369957768554,
          -0.8537188661674577
        ],
        [
          -0.009614651760333331,
          0.9993546626205189,
          0.03460948982057747,
          0.11239780691786458
        ],
        [
          0.0,
          0.0,
          0.0,
          1.0
        ]
      ],
      "w": 3840.0,
      "h": 2160.0,
      "fl_x": 3025.2389472125906,
      "fl_y": 3025.2389472125906,
      "k1": 0.0534037647202846,
      "k2": 0,
      "k3": 0,
      "k4": 0,
      "p1": 0,
      "p2": 0,
      "cx": 1920.0,
      "cy": 1080.0,
      "is_fisheye": false,
      "camera_angle_x": 1.1310322586931985,
      "camera_angle_y": 0.6857884336343326,
      "fovx": 64.80337491626898,
      "fovy": 39.29278288613481
    },
    {
      "file_path": "./data/4DGS/bg/012001.png",
      "sharpness": 23.503052653597095,
      "transform_matrix": [
        [
          0.035994600598392955,
          -0.024505817416291483,
          0.9990514769800366,
          3.7361317938676946
        ],
        [
          0.9992495784709098,
          0.015193775868188415,
          -0.0356290485501623,
          -0.24039062434643443
        ],
        [
          -0.014306245263530824,
          0.9995842206153053,
          0.025034321617271198,
          0.1345256432322586
        ],
        [
          0.0,
          0.0,
          0.0,
          1.0
        ]
      ],
      "w": 3840.0,
      "h": 2160.0,
      "fl_x": 3025.879690501819,
      "fl_y": 3025.879690501819,
      "k1": 0.06023168237819003,
      "k2": 0,
      "k3": 0,
      "k4": 0,
      "p1": 0,
      "p2": 0,
      "cx": 1920.0,
      "cy": 1080.0,
      "is_fisheye": false,
      "camera_angle_x": 1.1308406406375742,
      "camera_angle_y": 0.6856543298899281,
      "fovx": 64.79239601040321,
      "fovy": 39.285099307563534
    },
    {
      "file_path": "./data/4DGS/bg/101001.png",
      "sharpness": 101.45792518930838,
      "transform_matrix": [
        [
          -0.9314049257586617,
          0.0481962256115677,
          0.3607796947234862,
          1.6357001560235596
        ],
        [
          0.3522884950789415,
          -0.129884608848411,
          0.9268348313584914,
          3.8638247188100765
        ],
        [
          0.09152967016642231,
          0.990357063001174,
          0.1039961886724627,
          0.3963627127651466
        ],
        [
          0.0,
          0.0,
          0.0,
          1.0
        ]
      ],
      "w": 3840.0,
      "h": 2160.0,
      "fl_x": 3047.2040931861293,
      "fl_y": 3047.2040931861293,
      "k1": 0.016862299296142743,
      "k2": 0,
      "k3": 0,
      "k4": 0,
      "p1": 0,
      "p2": 0,
      "cx": 1920.0,
      "cy": 1080.0,
      "is_fisheye": false,
      "camera_angle_x": 1.1244963129461947,
      "camera_angle_y": 0.6812198254522018,
      "fovx": 64.42889280983918,
      "fovy": 39.03102091904979
    },
    {
      "file_path": "./data/4DGS/bg/102001.png",
      "sharpness": 120.74677130427885,
      "transform_matrix": [
        [
          -0.8878554607919112,
          -0.016957197947962358,
          0.45980988918813764,
          2.138615663465509
        ],
        [
          0.4580850760310439,
          -0.12651325494285084,
          0.8798593407138501,
          3.5987413286823453
        ],
        [
          0.04325209672925447,
          0.9918199684301365,
          0.12009332357483513,
          0.35907960560990276
        ],
        [
          0.0,
          0.0,
          0.0,
          1.0
        ]
      ],
      "w": 3840.0,
      "h": 2160.0,
      "fl_x": 2855.9793525127,
      "fl_y": 2855.9793525127,
      "k1": 0.020610187258113307,
      "k2": 0,
      "k3": 0,
      "k4": 0,
      "p1": 0,
      "p2": 0,
      "cx": 1920.0,
      "cy": 1080.0,
      "is_fisheye": false,
      "camera_angle_x": 1.1837488071504976,
      "camera_angle_y": 0.723065889410558,
      "fovx": 67.82381065336911,
      "fovy": 41.428623773098096
    },
    {
      "file_path": "./data/4DGS/bg/103001.png",
      "sharpness": 70.57907479743879,
      "transform_matrix": [
        [
          -0.7861645948908187,
          0.0070819545724839705,
          0.6179765979995191,
          2.434120482714027
        ],
        [
          0.6128653158614624,
          -0.11990944594944082,
          0.7810363816021257,
          3.160750374701485
        ],
        [
          0.0796324956498062,
          0.9927595734651931,
          0.08992827667244273,
          0.3134555337140462
        ],
        [
          0.0,
          0.0,
          0.0,
          1.0
        ]
      ],
      "w": 3840.0,
      "h": 2160.0,
      "fl_x": 3045.431434977869,
      "fl_y": 3045.431434977869,
      "k1": 0.019351436057695837,
      "k2": 0,
      "k3": 0,
      "k4": 0,
      "p1": 0,
      "p2": 0,
      "cx": 1920.0,
      "cy": 1080.0,
      "is_fisheye": false,
      "camera_angle_x": 1.12502128367974,
      "camera_angle_y": 0.6815863558305854,
      "fovx": 64.45897141723921,
      "fovy": 39.05202156279449
    },
    {
      "file_path": "./data/4DGS/bg/104001.png",
      "sharpness": 65.74449700995964,
      "transform_matrix": [
        [
          -0.6984847416091985,
          -0.05550409966972336,
          0.7134692429771978,
          2.8771781804896532
        ],
        [
          0.7151369765276351,
          -0.09094939127031934,
          0.6930420716164959,
          2.869015533946278
        ],
        [
          0.0264229171205582,
          0.9943075495855256,
          0.10321979608365733,
          0.2875734850284382
        ],
        [
          0.0,
          0.0,
          0.0,
          1.0
        ]
      ],
      "w": 3840.0,
      "h": 2160.0,
      "fl_x": 3044.9400844221877,
      "fl_y": 3044.9400844221877,
      "k1": 0.02863391726785324,
      "k2": 0,
      "k3": 0,
      "k4": 0,
      "p1": 0,
      "p2": 0,
      "cx": 1920.0,
      "cy": 1080.0,
      "is_fisheye": false,
      "camera_angle_x": 1.1251668740143148,
      "camera_angle_y": 0.6816880188873158,
      "fovx": 64.46731312894826,
      "fovy": 39.057846426877546
    },
    {
      "file_path": "./data/4DGS/bg/105001.png",
      "sharpness": 13.898349969739105,
      "transform_matrix": [
        [
          -0.14207274840268072,
          -0.10256141487240561,
          0.9845285624887427,
          4.306992626755082
        ],
        [
          0.9898313332543138,
          -0.007667405096602991,
          0.14203922911324535,
          0.13365234494940018
        ],
        [
          -0.007018964987462834,
          0.994697123296302,
          0.10260783133879312,
          0.4447788775796467
        ],
        [
          0.0,
          0.0,
          0.0,
          1.0
        ]
      ],
      "w": 3840.0,
      "h": 2160.0,
      "fl_x": 7413.867601737789,
      "fl_y": 7413.867601737789,
      "k1": 0.22468407864340162,
      "k2": 0,
      "k3": 0,
      "k4": 0,
      "p1": 0,
      "p2": 0,
      "cx": 1920.0,
      "cy": 1080.0,
      "is_fisheye": false,
      "camera_angle_x": 0.5068138350049195,
      "camera_angle_y": 0.2893109118088468,
      "fovx": 29.038293744621555,
      "fovy": 16.57629421372849
    },
    {
      "file_path": "./data/4DGS/bg/106001.png",
      "sharpness": 31.387355443820915,
      "transform_matrix": [
        [
          0.028380469157698457,
          -0.04847389460224842,
          0.9984211689101699,
          4.09189495871659
        ],
        [
          0.9995795051180743,
          0.007318228004920485,
          -0.028058091289083802,
          -0.4800065863318301
        ],
        [
          -0.005946588799136545,
          0.9987976397130907,
          0.04866120632184376,
          -0.026720147107106778
        ],
        [
          0.0,
          0.0,
          0.0,
          1.0
        ]
      ],
      "w": 3840.0,
      "h": 2160.0,
      "fl_x": 7413.531291027878,
      "fl_y": 7413.531291027878,
      "k1": 0.18181168375931006,
      "k2": 0,
      "k3": 0,
      "k4": 0,
      "p1": 0,
      "p2": 0,
      "cx": 1920.0,
      "cy": 1080.0,
      "is_fisheye": false,
      "camera_angle_x": 0.5068358545730519,
      "camera_angle_y": 0.2893238539018855,
      "fovx": 29.03955537294224,
      "fovy": 16.577035741037673
    },
    {
      "file_path": "./data/4DGS/bg/107001.png",
      "sharpness": 14.664925974075897,
      "transform_matrix": [
        [
          0.5052731495524644,
          0.007151065798160732,
          0.8629298387555936,
          4.012309168358957
        ],
        [
          0.8604680381071634,
          0.07175543488290033,
          -0.504426320646324,
          -1.2368098679545254
        ],
        [
          -0.06552709166260469,
          0.9973966211282858,
          0.030102831023071163,
          0.4329478049815039
        ],
        [
          0.0,
          0.0,
          0.0,
          1.0
        ]
      ],
      "w": 3840.0,
      "h": 2160.0,
      "fl_x": 7388.097799884549,
      "fl_y": 7388.097799884549,
      "k1": 0.16763164016715854,
      "k2": 0,
      "k3": 0,
      "k4": 0,
      "p1": 0,
      "p2": 0,
      "cx": 1920.0,
      "cy": 1080.0,
      "is_fisheye": false,
      "camera_angle_x": 0.5085065256827064,
      "camera_angle_y": 0.290305942062054,
      "fovx": 29.135277776479878,
      "fovy": 16.633305247725097
    },
    {
      "file_path": "./data/4DGS/bg/108001.png",
      "sharpness": 18.90732071797004,
      "transform_matrix": [
        [
          0.6586968043077854,
          0.046012654064146646,
          0.7510002368016638,
          3.7092420141152225
        ],
        [
          0.7504231926394763,
          0.03228465718424918,
          -0.6601687154502888,
          -1.6749233787782873
        ],
        [
          -0.05462189991841791,
          0.9984190185447882,
          -0.013263162249195454,
          0.44668594121954647
        ],
        [
          0.0,
          0.0,
          0.0,
          1.0
        ]
      ],
      "w": 3840.0,
      "h": 2160.0,
      "fl_x": 7419.029377425498,
      "fl_y": 7419.029377425498,
      "k1": 0.1933144275565277,
      "k2": 0,
      "k3": 0,
      "k4": 0,
      "p1": 0,
      "p2": 0,
      "cx": 1920.0,
      "cy": 1080.0,
      "is_fisheye": false,
      "camera_angle_x": 0.5064761082344232,
      "camera_angle_y": 0.28911241767863105,
      "fovx": 29.018943426043535,
      "fovy": 16.564921337809007
    },
    {
      "file_path": "./data/4DGS/bg/109001.png",
      "sharpness": 36.22345461425201,
      "transform_matrix": [
        [
          -0.24342148554631995,
          -0.07147928575780353,
          0.9672831499087784,
          3.970304791426405
        ],
        [
          0.9699095304562616,
          -0.013173255403013175,
          0.24310896337283558,
          0.9631678009701363
        ],
        [
          -0.004634987082430887,
          0.9973550907601181,
          0.07253509388638264,
          0.19497769122383588
        ],
        [
          0.0,
          0.0,
          0.0,
          1.0
        ]
      ],
      "w": 3840.0,
      "h": 2160.0,
      "fl_x": 3046.7871236973233,
      "fl_y": 3046.7871236973233,
      "k1": 0.028765702919821147,
      "k2": 0,
      "k3": 0,
      "k4": 0,
      "p1": 0,
      "p2": 0,
      "cx": 1920.0,
      "cy": 1080.0,
      "is_fisheye": false,
      "camera_angle_x": 1.124619758664435,
      "camera_angle_y": 0.6813060076455487,
      "fovx": 64.43596572849333,
      "fovy": 39.03595879499774
    },
    {
      "file_path": "./data/4DGS/bg/110001.png",
      "sharpness": 36.91770374991757,
      "transform_matrix": [
        [
          -0.4744728568038611,
          -0.0517337993136836,
          0.878748611481364,
          3.6839326734972526
        ],
        [
          0.8800377550657027,
          -0.05081397307996144,
          0.4721773922995045,
          1.9968846921537997
        ],
        [
          0.020225177834186557,
          0.9973673115577066,
          0.0696375475818374,
          0.2291169231191786
        ],
        [
          0.0,
          0.0,
          0.0,
          1.0
        ]
      ],
      "w": 3840.0,
      "h": 2160.0,
      "fl_x": 3029.724191842806,
      "fl_y": 3029.724191842806,
      "k1": 0.028785740754201802,
      "k2": 0,
      "k3": 0,
      "k4": 0,
      "p1": 0,
      "p2": 0,
      "cx": 1920.0,
      "cy": 1080.0,
      "is_fisheye": false,
      "camera_angle_x": 1.129692133911015,
      "camera_angle_y": 0.6848507554949199,
      "fovx": 64.72659142222899,
      "fovy": 39.23905788620478
    },
    {
      "file_path": "./data/4DGS/bg/111001.png",
      "sharpness": 58.22035324968232,
      "transform_matrix": [
        [
          -0.3650746813942154,
          -0.05907475738127337,
          0.9291020665463654,
          3.66706951882686
        ],
        [
          0.9303631939454529,
          -0.05942053138851021,
          0.3617921057750371,
          1.4615910221288284
        ],
        [
          0.03383495763722771,
          0.9964835038801613,
          0.07665391152372947,
          0.209447977999331
        ],
        [
          0.0,
          0.0,
          0.0,
          1.0
        ]
      ],
      "w": 3840.0,
      "h": 2160.0,
      "fl_x": 3065.1775440062074,
      "fl_y": 3065.1775440062074,
      "k1": 0.026102961124372208,
      "k2": 0,
      "k3": 0,
      "k4": 0,
      "p1": 0,
      "p2": 0,
      "cx": 1920.0,
      "cy": 1080.0,
      "is_fisheye": false,
      "camera_angle_x": 1.1191980942646866,
      "camera_angle_y": 0.6775247642583244,
      "fovx": 64.12532724045141,
      "fovy": 38.819309507598035
    },
    {
      "file_path": "./data/4DGS/bg/112001.png",
      "sharpness": 52.29066767926976,
      "transform_matrix": [
        [
          -0.579776232104223,
          -0.017251624288857896,
          0.8145930899301179,
          3.3412148411809555
        ],
        [
          0.8127822781828329,
          -0.0821394800439033,
          0.5767478427268319,
          2.4362505211748027
        ],
        [
          0.056960415762083876,
          0.9964715185557961,
          0.06164433273870643,
          0.21829137317711647
        ],
        [
          0.0,
          0.0,
          0.0,
          1.0
        ]
      ],
      "w": 3840.0,
      "h": 2160.0,
      "fl_x": 3029.3457683117676,
      "fl_y": 3029.3457683117676,
      "k1": 0.03250986528913896,
      "k2": 0,
      "k3": 0,
      "k4": 0,
      "p1": 0,
      "p2": 0,
      "cx": 1920.0,
      "cy": 1080.0,
      "is_fisheye": false,
      "camera_angle_x": 1.1298050919251506,
      "camera_angle_y": 0.68492977296665,
      "fovx": 64.73306343970113,
      "fovy": 39.24358525384271
    }
  ],
  "aabb_scale": 32
}